[100,10,401,314]
[101,4,484,356]
[102,8,472,331]
[103,7,396,353]
[104,9,456,328]
[105,9,439,398]
[106,3,431,345]
[107,10,416,353]
[108,2,430,411]
[109,7,536,497]
[110,2,412,395]
[111,7,402,330]
[112,7,548,486]
[113,10,524,408]
[114,3,381,379]
[115,3,478,376]
[116,1,532,340]
[117,7,382,336]
[118,3,438,312]
[119,6,404,329]
[120,9,409,333]
[121,2,537,456]
[122,4,475,441]
[123,9,441,381]
[124,7,437,343]
[125,11,370,319]
[126,8,445,376]
[127,10,513,495]
[128,2,384,378]
[129,4,539,330]
[130,4,422,388]
[131,9,396,326]
[132,6,526,452]
[133,6,474,404]
[134,9,521,323]
[135,11,430,345]
[136,1,486,326]
[137,4,516,458]
[138,1,513,415]
[139,1,544,515]
[140,8,539,531]
[141,9,354,351]
[142,1,533,450]
[143,5,489,343]
[144,10,371,355]
[145,8,481,417]
[146,8,544,449]
[147,8,550,463]
[148,1,350,301]
[149,6,432,377]
[150,8,374,338]
[151,1,375,302]
[152,4,474,310]
[153,6,462,327]
[154,1,493,377]
[155,6,522,317]
[156,3,433,344]
[157,10,461,389]
[158,2,359,356]
[159,1,479,387]
[160,9,481,409]
[161,5,516,354]
[162,7,446,404]
[163,9,426,357]
[164,7,434,433]
[165,6,462,416]
[166,7,524,469]
[167,8,499,480]
[168,4,379,354]
[169,7,458,435]
[170,8,538,387]
[171,9,365,308]
[172,4,540,535]
[173,1,532,376]
[174,8,523,397]
[175,11,401,321]
[176,10,387,335]
[177,5,544,460]
[178,3,488,309]
[179,10,472,312]
[180,10,532,471]
[181,2,499,374]
[182,5,506,333]
[183,5,521,338]
[184,5,389,302]
[185,3,524,364]
[186,6,374,333]
[187,1,455,454]
[188,9,488,341]
[189,1,509,464]
[190,8,423,417]
[191,3,465,421]
[192,9,448,382]
[193,5,367,326]
[194,8,489,450]
[195,3,416,300]
[196,6,351,334]
[197,11,491,309]
[198,4,461,321]
[199,7,358,307]
[200,3,540,321]
[201,10,406,316]
[202,11,359,323]
[203,6,477,415]
[204,10,405,310]
[205,4,444,347]
[206,2,424,391]
[207,10,488,327]
[208,3,537,392]
[209,1,400,395]
[210,10,466,329]
[211,11,497,333]
[212,11,441,423]
[213,2,352,349]
[214,9,495,301]
[215,2,368,340]
[216,5,361,341]
[217,8,440,406]
[218,5,362,327]
[219,8,376,365]
[220,4,541,372]
[221,9,445,319]
[222,1,511,329]
[223,6,387,322]
[224,1,412,397]
[225,8,388,358]
[226,1,355,342]
[227,1,387,308]
[228,2,526,412]
[229,11,412,355]
[230,10,421,324]
[231,6,455,335]
[232,6,378,333]
[233,7,539,398]
[234,2,537,451]
[235,3,465,393]
[236,4,495,481]
[237,10,423,311]
[238,1,470,368]
[239,1,356,315]
[240,1,418,352]
[241,4,437,428]
[242,6,470,400]
[243,6,495,440]
[244,5,450,311]
[245,4,439,315]
[246,10,461,319]
[247,6,491,451]
[248,9,400,396]
[249,4,381,351]
[250,2,426,318]
[251,4,438,400]
[252,11,501,453]
[253,8,527,397]
[254,8,367,326]
[255,5,416,405]
[256,7,519,442]
[257,5,420,379]
[258,8,475,348]
[259,8,485,328]
[260,8,430,427]
[261,3,534,507]
[262,4,353,345]
[263,8,540,455]
[264,9,423,301]
[265,11,442,379]
[266,4,418,406]
[267,5,515,436]
[268,5,399,318]
[269,4,469,330]
[270,6,532,506]
[271,7,452,304]
[272,5,529,484]
[273,11,404,401]
[274,1,380,330]
[275,7,507,443]
[276,4,431,372]
